0.955
1.005234375
0.730234375
0.445078125
0.955078125
0.950078125
0.505546875
0.895
0.894921875
0.505546875
0.785078125
1.175078125
1.065234375
0.84
1.174609375
0.840078125
1.23
1.01
1.010234375
1.00515625
0.56
0.56
0.840078125
1.229765625
0.95
0.785234375
0.615078125
0.500078125
0.785078125
0.895078125
0.895078125
0.67015625
1.064609375
1.065078125
0.955234375
0.950078125
0.560234375
1.11953125
0.95015625
0.900078125
1.119453125
0.730078125
1.059609375
0.95015625
0.950078125
1.064453125
1.064453125
1.119453125
1.065
0.730234375
