1.51453125
1.34515625
1.34515625
1.40015625
1.62515625
1.06015625
1.34515625
0.95015625
1.28515625
1.34515625
1.29015625
1.29015625
1.29015625
1.12015625
1.23515625
1.28515625
1.12015625
1.34515625
1.29015625
1.06515625
1.01015625
1.29015625
1.34515625
1.17515625
1.28515625
1.34515625
1.34515625
1.40015625
1.12015625
1.29015625
1.28515625
1.40015625
1.28515625
1.34515625
1.06515625
0.949609375
0.834609375
1.40015625
1.12015625
1.34015625
1.29015625
1.34015625
1.34515625
1.29015625
1.28515625
1.29015625
1.56453125
1.34515625
