1.3950139501395014e-06
1.3740137401374014e-06
1.4310143101431015e-06
1.3980139801398014e-06
1.4280142801428013e-06
1.3740137401374014e-06
1.4100141001410015e-06
1.4370143701437015e-06
1.4580145801458015e-06
1.3830138301383013e-06
1.4580145801458015e-06
1.2690126901269013e-06
1.4070140701407013e-06
1.4010140101401014e-06
1.4670146701467014e-06
1.3410134101341013e-06
1.3770137701377014e-06
1.3740137401374014e-06
1.3680136801368015e-06
1.4700147001470014e-06
1.3770137701377014e-06
1.4310143101431015e-06
1.4610146101461015e-06
1.4610146101461015e-06
1.3560135601356014e-06
1.4010140101401014e-06
1.4280142801428013e-06
1.4190141901419014e-06
1.4370143701437015e-06
1.4340143401434015e-06
1.4250142501425014e-06
1.3650136501365013e-06
1.4010140101401014e-06
1.4040140401404014e-06
1.3830138301383013e-06
1.3470134701347012e-06
1.4340143401434015e-06
1.4280142801428013e-06
1.4460144601446014e-06
1.4460144601446014e-06
1.4580145801458015e-06
1.3950139501395014e-06
1.3290132901329014e-06
1.4250142501425014e-06
1.3560135601356014e-06
1.3770137701377014e-06
1.4160141601416015e-06
1.4550145501455015e-06
1.4640146401464014e-06
1.3470134701347012e-06
1.4520145201452015e-06
1.3740137401374014e-06
