2.1270212702127023e-06
2.148021480214802e-06
2.1270212702127023e-06
2.133021330213302e-06
2.139021390213902e-06
2.1240212402124023e-06
2.1270212702127023e-06
2.1270212702127023e-06
2.133021330213302e-06
2.136021360213602e-06
2.145021450214502e-06
2.1270212702127023e-06
2.1270212702127023e-06
2.1240212402124023e-06
2.1240212402124023e-06
2.1270212702127023e-06
2.139021390213902e-06
2.136021360213602e-06
2.1240212402124023e-06
2.1300213002130022e-06
2.133021330213302e-06
2.1240212402124023e-06
2.1300213002130022e-06
2.1300213002130022e-06
2.1270212702127023e-06
2.1210212102121023e-06
2.1270212702127023e-06
2.1270212702127023e-06
2.133021330213302e-06
2.1300213002130022e-06
2.1270212702127023e-06
2.1300213002130022e-06
2.1270212702127023e-06
2.1210212102121023e-06
2.1270212702127023e-06
2.1270212702127023e-06
2.1240212402124023e-06
2.151021510215102e-06
2.1240212402124023e-06
2.142021420214202e-06
2.136021360213602e-06
2.1300213002130022e-06
2.1270212702127023e-06
2.133021330213302e-06
2.1240212402124023e-06
2.145021450214502e-06
2.1300213002130022e-06
2.145021450214502e-06
2.1270212702127023e-06
2.1270212702127023e-06
2.1270212702127023e-06
2.136021360213602e-06
